SIZES
  narena                13631488
  nbuffer               32288
  nplugin               0
  maxuse_stack          1296
  maxuse_arena          1296
  maxuse_con            0
  maxuse_efc            0
  solver_nisland        0
  ne                    0
  nf                    0
  nl                    0
  nefc                  0
  nnzJ                  0
  ncon                  0
  nisland               0
  threadpool            0

TIMER
    0:  duration =  6.2        number = 8
    1:  duration =  6.2        number = 32
    2:  duration =  0          number = 0
    3:  duration =  0.18       number = 32
    4:  duration =  0.036      number = 32
    5:  duration =  0.018      number = 32
    6:  duration =  0.0024     number = 32
    7:  duration =  0          number = 0
    8:  duration =  0.066      number = 32
    9:  duration =  0.007      number = 32
    10:  duration =  0.074      number = 32
    11:  duration =  0.026      number = 32
    12:  duration =  0.0019     number = 32
    13:  duration =  0.04       number = 32
    14:  duration =  0.016      number = 32

ENERGY =   0         0       

TIME =  24      

QPOS
   0.4     
  -0.39    
   0.3     
  -0.89    
   0.07    
  -0.016   
  -0.45    

QVEL
  -0.25    
  -0.38    
   0.0073  
  -0.038   
   0.15    
  -2.1     

QACC_WARMSTART
  -0.32    
   1.4     
  -0.0074  
  -0.054   
  -0.57    
   7.6     

CTRL
   0.51    
   0.53    
   0.51    
   0.53    

QFRC_APPLIED
   0       
   0       
   0       
   0       
   0       
   0       

XFRC_APPLIED
   0         0         0         0         0         0       
   0         0         0         0         0         0       

QACC
  -0.32    
   1.4     
  -0.0074  
  -0.054   
  -0.57    
   7.6     

SENSOR
  -0.038   
   0.15    
  -2.1     
   0.0082  
   4.1e-05 
   9.9     
  -0.89    
   0.07    
  -0.016   
  -0.45    

XPOS
   0         0         0       
   0.4      -0.39      0.3     

XQUAT
   1         0         0         0       
  -0.89      0.07     -0.016    -0.45    

XMAT
   1         0         0         0         1         0         0         0         1       
   0.6      -0.8      -0.033     0.79      0.59      0.14     -0.091    -0.11      0.99    

XIPOS
   0         0         0       
   0.4      -0.39      0.3     

XIMAT
   1         0         0         0         1         0         0         0         1       
   0.6      -0.8      -0.033     0.79      0.59      0.14     -0.091    -0.11      0.99    

XANCHOR
   0.4      -0.39      0.3     

XAXIS
   0         0         1       

GEOM_XPOS
   0         0         0       
   0.4      -0.39      0.31    
   0.4      -0.39      0.31    
   0.4      -0.39      0.31    
   0.4      -0.39      0.31    
   0.4      -0.39      0.3     
   0.4      -0.39      0.31    
   0.4      -0.39      0.3     
   0.45     -0.38      0.3     
   0.4      -0.34      0.31    
   0.4      -0.34      0.29    
   0.36     -0.39      0.3     
   0.41     -0.43      0.31    
   0.4      -0.39      0.31    
   0.36     -0.39      0.31    
   0.4      -0.39      0.31    
   0.36     -0.4       0.3     
   0.4      -0.39      0.31    
   0.41     -0.43      0.32    
   0.39     -0.4       0.3     
   0.4      -0.39      0.31    
   0.43     -0.38      0.3     
   0.4      -0.36      0.3     
   0.42     -0.39      0.31    
   0.41     -0.42      0.31    
   0.41     -0.38      0.3     
   0.42     -0.43      0.32    
   0.36     -0.41      0.31    
   0.41     -0.38      0.31    
   0.45     -0.39      0.32    
   0.41     -0.44      0.31    
   0.45     -0.37      0.31    
   0.36     -0.38      0.31    
   0.37     -0.39      0.3     
   0.45     -0.38      0.31    
   0.39     -0.43      0.32    
   0.4      -0.37      0.31    
   0.41     -0.38      0.31    
   0.36     -0.4       0.3     
   0.4      -0.38      0.31    

GEOM_XMAT
   1         0         0         0         1         0         0         0         1       
  -0.033     0.82      0.57      0.14     -0.56      0.82      0.99      0.11     -0.096   
  -0.033     0.8       0.6       0.14     -0.59      0.79      0.99      0.11     -0.091   
  -0.8      -0.033     0.6       0.59      0.14      0.79     -0.11      0.99     -0.091   
  -0.033    -0.6       0.8       0.14     -0.79     -0.59      0.99      0.091     0.11    
  -0.033     0.8       0.6       0.14     -0.59      0.79      0.99      0.11     -0.092   
  -0.041     0.8       0.6       0.13     -0.6       0.79      0.99      0.11     -0.081   
  -0.033     0.14      0.99      0.14     -0.98      0.14      0.99      0.14      0.013   
  -0.28     -0.92     -0.26      0.94     -0.31      0.096    -0.17     -0.22      0.96    
  -0.028     0.29      0.96      0.13     -0.95      0.29      0.99      0.13     -0.01    
  -1        -0.054    -0.011     0.054    -1        -0.0086   -0.011    -0.0092    1       
   0.31     -0.91      0.28      0.94      0.33      0.03     -0.12      0.25      0.96    
   0.96     -0.26     -0.12      0.29      0.92      0.28      0.039    -0.3       0.95    
   0.61     -0.015     0.79      0.78      0.2      -0.59     -0.15      0.98      0.13    
  -1        -0.064     0.0074   -0.0011    0.13      0.99     -0.064     0.99     -0.13    
   0.59      0.14      0.8       0.72      0.35     -0.59     -0.36      0.93      0.11    
   0.84     -0.54      0.017     0.53      0.83      0.15     -0.095    -0.12      0.99    
   0.6      -0.045     0.8       0.79      0.15     -0.59     -0.092     0.99      0.13    
  -0.22      0.048     0.97      0.97      0.12      0.21     -0.11      0.99     -0.073   
  -0.19     -0.56      0.81     -0.068    -0.81     -0.58      0.98     -0.16      0.12    
  -0.039    -0.58      0.81      0.12     -0.81     -0.57      0.99      0.074     0.1     
  -0.1      -0.046     0.99      0.91      0.4       0.11     -0.41      0.91     -1.9e-05 
  -0.99     -0.11     -0.12     -0.14      0.15      0.98     -0.092     0.98     -0.17    
  -0.72     -0.18      0.67      0.52      0.5       0.69     -0.46      0.85     -0.26    
  -0.76      0.64     -0.12     -0.021     0.16      0.99      0.65      0.75     -0.11    
  -0.27     -0.55      0.79     -0.18     -0.78     -0.6       0.95     -0.3       0.11    
   0.024     0.17      0.99     -0.21     -0.96      0.17      0.98     -0.21      0.013   
  -0.33      0.93      0.15      0.18     -0.094     0.98      0.93      0.35     -0.14    
   0.61     -0.11      0.79      0.78      0.26     -0.57     -0.14      0.96      0.24    
  -0.36      0.92     -0.13      0.076     0.17      0.98      0.93      0.34     -0.13    
  -0.73     -0.69     -0.013     0.68     -0.72      0.14     -0.11      0.096     0.99    
   0.24      0.96     -0.12      0.15      0.088     0.99      0.96     -0.26     -0.12    
   0.29      0.96      0.055     0.074    -0.079     0.99      0.95     -0.28     -0.094   
  -0.14     -0.065     0.99      0.98      0.13      0.14     -0.13      0.99      0.047   
  -1         0.0069    0.032     0.033     0.2       0.98      0.00035   0.98     -0.2     
  -0.056     0.17      0.98      0.44     -0.88      0.18      0.9       0.45     -0.026   
  -0.8       0.089     0.59      0.59      0.14      0.79     -0.012     0.99     -0.17    
  -0.033    -0.6       0.8       0.14     -0.79     -0.59      0.99      0.091     0.11    
  -0.14      0.73      0.67      0.13     -0.66      0.74      0.98      0.19     -0.0056  
   0.6      -0.033     0.8       0.79      0.14     -0.59     -0.091     0.99      0.11    

SITE_XPOS
   0.4      -0.39      0.3     
   0.4      -0.39      0.3     
   0.4      -0.34      0.31    
   0.45     -0.38      0.31    
   0.41     -0.43      0.32    
   0.36     -0.39      0.31    

SITE_XMAT
   0.6      -0.8      -0.033     0.79      0.59      0.14     -0.091    -0.11      0.99    
   0.6      -0.8      -0.033     0.79      0.59      0.14     -0.091    -0.11      0.99    
   0.6      -0.8      -0.033     0.79      0.59      0.14     -0.091    -0.11      0.99    
   0.6      -0.8      -0.033     0.79      0.59      0.14     -0.091    -0.11      0.99    
   0.6      -0.8      -0.033     0.79      0.59      0.14     -0.091    -0.11      0.99    
   0.6      -0.8      -0.033     0.79      0.59      0.14     -0.091    -0.11      0.99    

CAM_XPOS
   0.56     -0.69      0.74    
  -0.6      -0.39      0.8     

CAM_XMAT
   0.87     -0.26      0.41      0.49      0.46     -0.74     -5.6e-17   0.85      0.53    
   0         0.45     -0.89     -1         0         0         0         0.89      0.45    

LIGHT_XPOS
   0         0         1.5     

LIGHT_XDIR
   0         0        -1       

SUBTREE_COM
   0.4      -0.39      0.3     
   0.4      -0.39      0.3     

CDOF
   0         0         0         1         0         0       
   0         0         0         0         1         0       
   0         0         0         0         0         1       
   0.6       0.79     -0.091    -4.4e-17   3.3e-17   0       
  -0.8       0.59     -0.11     -3.3e-17  -4.4e-17  -0       
  -0.033     0.14      0.99     -7.7e-18  -1.8e-18  -0       

CINERT
   0         0         0         0         0         0         0         0         0         0       
   1.4e-05   1.4e-05   2.2e-05  -3.6e-08  -2.5e-07   1.1e-06   0         0         1.8e-18   0.033   

ACTUATOR_LENGTH
   0       
   0       
   0       
   0       

ACTUATOR_MOMENT
  -0.0052    0.022     0.16      0.0051   -0.0051   -0.0038  
  -0.0052    0.022     0.16     -0.0051   -0.0051    0.0038  
  -0.0052    0.022     0.16     -0.0051    0.0051   -0.0038  
  -0.0052    0.022     0.16      0.0051    0.0051    0.0038  

CRB
   0         0         0         0         0         0         0         0         0         0       
   1.4e-05   1.4e-05   2.2e-05  -3.6e-08  -2.5e-07   1.1e-06   0         0         1.8e-18   0.033   

QM
   0.033     0         0         0         0         0       
   0         0.033     0         0         0         0       
   0         0         0.033     0         0         0       
   0         0         0         1.4e-05   0         0       
   0         0         0         0         1.4e-05   0       
   0         0         0         0         0         2.2e-05 

QLD
   0.033     0         0         0         0         0       
   0         0.033     0         0         0         0       
   0         0         0.033     0         0         0       
   0         0         0         1.4e-05   0         0       
   0         0         0         0         1.4e-05   0       
   0         0         0         0         0         2.2e-05 

QLDIAGINV
   30      
   30      
   30      
   7.2e+04 
   7.2e+04 
   4.6e+04 

QLDIAGSQRTINV
   5.5     
   5.5     
   5.5     
   2.7e+02 
   2.7e+02 
   2.1e+02 

B_rownnz              6 6

B_rowadr              0 6

B_colind              0 1 2 3 4 5 0 1 2 3 4 5

C_rownnz              1 1 1 1 1 1

C_rowadr              0 1 2 3 4 5

C_colind              0 1 2 3 4 5

mapM2C                0 1 3 6 10 15

D_rownnz              6 6 6 6 6 6

D_rowadr              0 6 12 18 24 30

D_colind              0 1 2 3 4 5 0 1 2 3 4 5 0 1 2 3 4 5 0 1 2 3 4 5 0 1 2 3 4 5 0 1 2 3 4 5

mapM2D                0 2 5 9 14 20 2 1 4 8 13 19 5 4 3 7 12 18 9 8 7 6 11 17 14 13 12 11 10 16 20 19 18 17 16 15

mapD2M                0 7 6 14 13 12 21 20 19 18 28 27 26 25 24 35 34 33 32 31 30

QDERIV
   0         0         0         0         0         0       
   0         0         0         0         0         0       
   0         0         0         0         0         0       
   0         0         0         0         0         0       
   0         0         0         0         0         0       
   0         0         0         0         0         0       

QLU
   0         0         0         0         0         0       
   0         0         0         0         0         0       
   0         0         0         0         0         0       
   0         0         0         0         0         0       
   0         0         0         0         0         0       
   0         0         0         0         0         0       

CONTACT
ACTUATOR_VELOCITY
   0.0011  
  -0.014   
   0.003   
  -0.013   

CVEL
   0         0         0         0         0         0       
  -0.075    -0.23     -2.1      -0.25     -0.38      0.0073  

CDOF_DOT
   0         0         0         0         0         0       
   0         0         0         0         0         0       
   0         0         0         0         0         0       
  -0         0         0         0.029    -0.018     0.033   
  -0         0         0         0.038    -0.033    -0.45    
   0        -0         0        -0.38      0.25     -0.047   

QFRC_BIAS
   0       
   3.5e-18 
   0.32    
  -2.4e-06 
  -6.2e-07 
   1.9e-19 

QFRC_SPRING
   0       
   0       
   0       
   0       
   0       
   0       

QFRC_DAMPER
   0       
   0       
   0       
   0       
   0       
   0       

QFRC_GRAVCOMP
   0       
   0       
   0       
   0       
   0       
   0       

QFRC_FLUID
   0.00016 
   0.00021 
  -2.1e-05 
   3.5e-10 
  -1.7e-09 
   1e-07   

QFRC_PASSIVE
   0.00016 
   0.00021 
  -2.1e-05 
   3.5e-10 
  -1.7e-09 
   1e-07   

SUBTREE_LINVEL
   0         0         0       
   0         0         0       

SUBTREE_ANGMOM
   0         0         0       
   0         0         0       

ACTUATOR_FORCE
   0.51    
   0.53    
   0.51    
   0.53    

QFRC_ACTUATOR
  -0.011   
   0.045   
   0.32    
  -3.2e-06 
  -8.6e-06 
   0.00017 

QFRC_SMOOTH
  -0.011   
   0.046   
  -0.00024 
  -7.5e-07 
  -7.9e-06 
   0.00017 

QACC_SMOOTH
  -0.32    
   1.4     
  -0.0074  
  -0.054   
  -0.57    
   7.6     

QFRC_CONSTRAINT
   0       
   0       
   0       
   0       
   0       
   0       

QFRC_INVERSE
   0       
   0       
   0       
   0       
   0       
   0       

CACC
   0         0         0        -0        -0         9.8     
   0.21      0.74      8         0.48      0.87      9.8     

CFRC_INT
  -1.4e-07   1.7e-05   0.00017  -0.011     0.046     0.32    
  -1.4e-07   1.7e-05   0.00017  -0.011     0.046     0.32    

CFRC_EXT
   0         0         0         0         0         0       
   0         0         0         0         0         0       

